97406
8559
87728
843
276
97406
ZK"
264
187
77
0
0
ZJ"
168
53
115
0
0
103
910
0
910
0
0
ZG"
168
42
126
0
0
104
894
0
893
1
0
ZH"
66
0
66
0
0
105
766
9
756
1
0
ZF"
264
166
98
0
0
106
726
16
704
6
0
107
295
53
240
2
0
108
720
53
665
2
0
109
780
39
728
13
0
110
878
118
744
16
0
111
936
54
881
1
0
112
936
136
797
3
0
547
758
0
748
10
0
549
885
0
871
14
0
548
843
0
827
16
0
250
338
220
118
0
0
251
366
100
222
7
37
249
315
0
308
7
0
551
1020
0
997
23
0
550
942
0
925
17
0
252
207
0
207
0
0
552
1046
0
1009
37
0
113
889
125
751
13
0
114
773
0
760
13
0
115
844
43
797
4
0
116
295
63
226
6
0
117
840
64
776
0
0
118
775
17
758
0
0
119
903
0
888
15
0
120
954
0
947
7
0
121
942
0
942
0
0
122
951
0
951
0
0
538
540
212
328
0
0
537
599
258
341
0
0
544
633
269
364
0
0
543
673
322
351
0
0
546
667
0
664
3
0
545
589
0
587
2
0
540
271
25
246
0
0
539
270
23
247
0
0
542
551
246
305
0
0
541
549
247
302
0
0
123
947
3
940
4
0
124
949
32
912
5
0
125
951
33
916
2
0
126
900
48
836
16
0
127
778
0
778
0
0
128
838
0
838
0
0
129
295
0
295
0
0
130
847
0
847
0
0
131
773
0
769
4
0
132
884
0
884
0
0
236
265
57
206
2
0
237
300
110
190
0
0
234
241
0
241
0
0
235
243
6
235
2
0
238
301
108
193
0
0
229
322
0
316
6
0
232
235
0
235
0
0
233
238
0
236
2
0
230
305
0
287
18
0
231
249
0
248
1
0
133
939
0
939
0
0
134
929
0
929
0
0
135
890
0
890
0
0
136
770
0
756
14
0
137
731
0
729
2
0
138
294
0
286
8
0
139
718
0
718
0
0
140
777
0
776
1
0
141
881
0
879
2
0
142
926
0
926
0
0
247
243
0
238
5
0
248
270
0
265
5
0
245
246
0
226
20
0
246
241
6
228
7
0
239
303
103
200
0
0
240
287
73
214
0
0
243
269
82
187
0
0
244
238
106
132
0
0
241
313
117
196
0
0
144
674
0
674
0
0
242
304
129
175
0
0
AA"
88
0
86
2
0
BB"
30
0
30
0
0
CC"
30
0
30
0
0
DD"
88
0
88
0
0
EE"
88
0
88
0
0
515
542
0
519
23
0
A" 
330
0
329
1
0
514
270
0
254
16
0
B" 
240
6
232
2
0
C" 
41
0
41
0
0
516
609
4
579
26
0
D" 
244
18
226
0
0
511
601
0
599
2
0
510
619
0
616
3
0
513
261
0
251
10
0
512
548
1
530
17
0
507
667
0
645
22
0
E" 
244
25
215
4
0
509
645
0
633
12
0
F" 
88
0
88
0
0
508
589
0
584
5
0
G" 
176
2
174
0
0
H" 
240
6
234
0
0
J" 
330
20
309
1
0
K" 
240
4
235
1
0
L" 
242
5
237
0
0
504
873
0
853
20
0
M" 
374
12
361
1
0
503
938
1
909
28
0
228
330
0
328
2
0
N" 
242
12
230
0
0
506
755
0
750
5
0
227
337
0
335
2
0
P" 
240
10
230
0
0
505
856
0
851
5
0
226
317
0
317
0
0
225
330
0
328
2
0
224
323
0
318
5
0
223
302
0
295
7
0
222
257
13
244
0
0
221
236
32
198
6
0
220
228
0
228
0
0
219
260
14
246
0
0
502
1021
0
1010
11
0
501
1048
1
1017
30
0
S" 
264
0
264
0
0
R" 
264
0
264
0
0
Q" 
244
0
244
0
0
T" 
264
5
257
2
0
U" 
244
0
244
0
0
V" 
288
0
288
0
0
W" 
308
0
307
1
0
X" 
308
0
308
0
0
218
238
12
224
2
0
Y" 
308
0
308
0
0
536
610
227
383
0
0
217
267
65
201
1
0
Z" 
288
0
288
0
0
216
303
40
263
0
0
215
301
6
295
0
0
214
299
0
299
0
0
213
302
0
298
4
0
212
304
0
304
0
0
211
305
0
305
0
0
210
267
0
267
0
0
209
239
0
235
4
0
527
915
306
602
7
0
533
769
8
760
1
0
532
861
0
843
18
0
535
659
241
418
0
0
534
692
155
537
0
0
529
1112
462
640
10
0
528
1162
422
732
8
0
531
957
2
938
17
0
530
1051
429
608
14
0
208
254
57
197
0
0
526
916
325
571
20
0
207
238
12
226
0
0
525
1157
373
755
29
0
206
253
0
253
0
0
ZE"
264
0
264
0
0
205
261
3
258
0
0
ZD"
264
0
264
0
0
204
308
197
111
0
0
ZC"
264
0
264
0
0
203
338
176
162
0
0
ZB"
264
0
264
0
0
202
367
0
294
3
70
ZA"
264
0
264
0
0
201
193
0
193
0
0
143
783
0
783
0
0
101
649
0
649
0
0
102
805
0
804
1
0
522
966
3
950
13
0
521
858
0
858
0
0
524
1114
337
658
22
97
523
1045
161
785
27
72
518
641
31
609
1
0
517
619
77
542
0
0
520
771
0
769
2
0
519
697
68
629
0
0
